8.000000000000000444e-01 4.294887185096737880e+01 -7.586739957332605400e+02
8.100000000000000533e-01 3.598357584165874812e+01 -6.379998246607858619e+02
8.200000000000000622e-01 3.012304283998422960e+01 -5.371001829286435623e+02
8.300000000000000711e-01 2.518699889241600687e+01 -4.525926116151549081e+02
8.400000000000000799e-01 2.102586028874193147e+01 -3.817004564996566387e+02
8.500000000000000888e-01 1.751526406633816535e+01 -3.221393046447510642e+02
8.600000000000000977e-01 1.455161866704065865e+01 -2.720256660346002491e+02
8.700000000000001066e-01 1.204847592405334922e+01 -2.298033564896713870e+02
8.800000000000001155e-01 9.933565963894304574e+00 -1.941840038029061475e+02
8.900000000000001243e-01 8.146368470645239057e+00 -1.640988516436566442e+02
9.000000000000001332e-01 6.636118953252897690e+00 -1.386596239942764726e+02
9.100000000000001421e-01 5.360168630798916034e+00 -1.171266739304389546e+02
9.200000000000001510e-01 4.282632428455785067e+00 -9.888300292711133466e+01
9.300000000000001599e-01 3.373272230802717431e+00 -8.341302245829614037e+01
9.400000000000001688e-01 2.606572649163244826e+00 -7.028515532624233231e+01
9.500000000000001776e-01 1.960974656887602308e+00 -5.913755293752267761e+01
9.600000000000001865e-01 1.418238947267662198e+00 -4.966634673849589632e+01
9.700000000000001954e-01 9.629161000280683780e-01 -4.161596507922637045e+01
9.800000000000002043e-01 5.819048616304449695e-01 -3.477113700810573960e+01
9.900000000000002132e-01 2.640832553276695194e-01 -2.895027668688204514e+01
1.000000000000000222e+00 -5.329070518200751394e-15 -2.399999999999990052e+01
1.010000000000000231e+00 -2.183840399562169132e-01 -1.979057145210526869e+01
1.020000000000000240e+00 -3.979128264181461816e-01 -1.621211691710864145e+01
1.030000000000000249e+00 -5.444175059627283098e-01 -1.317146804743196853e+01
1.040000000000000258e+00 -6.628699046003241335e-01 -1.058952861761498099e+01
1.050000000000000266e+00 -7.575119138362746973e-01 -8.399072907851177661e+00
1.060000000000000275e+00 -8.319647074507048323e-01 -6.542902340701658659e+00
1.070000000000000284e+00 -8.893210583031101457e-01 -4.972299693419579114e+00
1.080000000000000293e+00 -9.322234729484539795e-01 -3.645730897975035134e+00
1.090000000000000302e+00 -9.629304071021214106e-01 -2.527753174197892250e+00
1.100000000000000311e+00 -9.833724493736828443e-01 -1.588095389824035308e+00
1.110000000000000320e+00 -9.952000499002784384e-01 -8.008824029978764969e-01
1.120000000000000329e+00 -9.998241129277269934e-01 -1.439799581454987987e-01
1.130000000000000338e+00 -9.984505585503996583e-01 4.015593311588094849e-01
1.140000000000000346e+00 -9.921097810135146577e-01 8.519651120570408409e-01
1.150000000000000355e+00 -9.816817828995609840e-01 1.221147037319479267e+00
1.160000000000000364e+00 -9.679176410037755307e-01 1.521032396575296097e+00
1.170000000000000373e+00 -9.514578565208696714e-01 1.761853056825353647e+00
1.180000000000000382e+00 -9.328480558412385326e-01 1.952389601537596775e+00
1.190000000000000391e+00 -9.125524359303019972e-01 2.100179283059513402e+00
1.200000000000000400e+00 -8.909652875830750274e-01 2.211693342223081338e+00
1.210000000000000409e+00 -8.684208788623437592e-01 2.292488364710393967e+00
1.220000000000000417e+00 -8.452019381348223614e-01 2.347335605527739233e+00
1.230000000000000426e+00 -8.215469399836539122e-01 2.380331595781819409e+00
1.240000000000000435e+00 -7.976563667932085044e-01 2.394992829280914837e+00
1.250000000000000444e+00 -7.736980930559989034e-01 2.394336893337600802e+00
1.260000000000000453e+00 -7.498120176786390312e-01 2.380952044532630207e+00
1.270000000000000462e+00 -7.261140511284853716e-01 2.357056924545322563e+00
1.280000000000000471e+00 -7.026995486346702124e-01 2.324551853889441411e+00
1.290000000000000480e+00 -6.796462673936916055e-01 2.285062924578479482e+00
1.300000000000000488e+00 -6.570169144600462863e-01 2.239979929791141355e+00
1.310000000000000497e+00 -6.348613424161432262e-01 2.190489014038719429e+00
1.320000000000000506e+00 -6.132184417526173048e-01 2.137600796590442886e+00
1.330000000000000515e+00 -5.921177719314956178e-01 2.082174610188418207e+00
1.340000000000000524e+00 -5.715809671666025604e-01 2.024939403206579058e+00
1.350000000000000533e+00 -5.516229478833024613e-01 1.966511773724568535e+00
1.360000000000000542e+00 -5.322529644826792250e-01 1.907411536276974573e+00
1.370000000000000551e+00 -5.134754963233693070e-01 1.848075164439304974e+00
1.380000000000000560e+00 -4.952910256544502121e-01 1.788867403362617736e+00
1.390000000000000568e+00 -4.776967035062616995e-01 1.730091304556386600e+00
1.400000000000000577e+00 -4.606869222061442115e-01 1.671996899539967885e+00
1.410000000000000586e+00 -4.442538071762406893e-01 1.614788698507028331e+00
1.420000000000000595e+00 -4.283876389427361819e-01 1.558632174090450295e+00
1.430000000000000604e+00 -4.130772147994229426e-01 1.503659368015578757e+00
1.440000000000000613e+00 -3.983101582885581471e-01 1.449973739327737210e+00
1.450000000000000622e+00 -3.840731835591067456e-01 1.397654356502377127e+00
1.460000000000000631e+00 -3.703523207114362004e-01 1.346759521692047823e+00
1.470000000000000639e+00 -3.571331074168625497e-01 1.297329903293585218e+00
1.480000000000000648e+00 -3.444007513918045382e-01 1.249391242642870825e+00
1.490000000000000657e+00 -3.321402676939688159e-01 1.202956691718012783e+00
1.500000000000000666e+00 -3.203365942785739162e-01 1.158028831046152840e+00
1.510000000000000675e+00 -3.089746887945919451e-01 1.114601410386750757e+00
1.520000000000000684e+00 -2.980396092045177747e-01 1.072660849053691745e+00
1.530000000000000693e+00 -2.875165804677953796e-01 1.032187527810759287e+00
1.540000000000000702e+00 -2.773910492304778042e-01 9.931569000196368568e-01
1.550000000000000711e+00 -2.676487282057417594e-01 9.555404460423323476e-01
1.560000000000000719e+00 -2.582756317061397078e-01 9.193064917201374531e-01
1.570000000000000728e+00 -2.492581035943409185e-01 8.844209089998655848e-01
1.580000000000000737e+00 -2.405828387505982990e-01 8.508477143959500832e-01
1.590000000000000746e+00 -2.322368990088613805e-01 8.185495789132857247e-01
1.600000000000000755e+00 -2.242077243863598857e-01 7.874882612668421267e-01
1.610000000000000764e+00 -2.164831403210649707e-01 7.576249746826265730e-01
1.620000000000000773e+00 -2.090513615354786525e-01 7.289206962183280014e-01
1.630000000000000782e+00 -2.019009930618007598e-01 7.013364263731896031e-01
1.640000000000000790e+00 -1.950210288910210754e-01 6.748334057414954179e-01
1.650000000000000799e+00 -1.884008486454552822e-01 6.493732945819036262e-01
1.660000000000000808e+00 -1.820302126194434933e-01 6.249183204080031029e-01
1.670000000000000817e+00 -1.758992554852898682e-01 6.014313980385543879e-01
1.680000000000000826e+00 -1.699984789201036683e-01 5.788762259656934361e-01
1.690000000000000835e+00 -1.643187433732042346e-01 5.572173623944711718e-01
1.700000000000000844e+00 -1.588512591624647030e-01 5.364202838675783402e-01
1.710000000000000853e+00 -1.535875770607905422e-01 5.164514290064081692e-01
1.720000000000000862e+00 -1.485195785103210764e-01 4.972782295663008001e-01
1.730000000000000870e+00 -1.436394655814486609e-01 4.788691307134809172e-01
1.740000000000000879e+00 -1.389397507759697059e-01 4.611936021782586659e-01
1.750000000000000888e+00 -1.344132467582625501e-01 4.442221417186680288e-01
1.760000000000000897e+00 -1.300530560850280959e-01 4.279262721366824396e-01
1.770000000000000906e+00 -1.258525609925628952e-01 4.122785329218021100e-01
1.780000000000000915e+00 -1.218054132905334874e-01 3.972524674510027332e-01
1.790000000000000924e+00 -1.179055244025793842e-01 3.828226065469886308e-01
1.800000000000000933e+00 -1.141470555866195696e-01 3.689644490860228832e-01
1.810000000000000941e+00 -1.105244083613172723e-01 3.556544402502115898e-01
1.820000000000000950e+00 -1.070322151596389548e-01 3.428699479351847712e-01
1.830000000000000959e+00 -1.036653302257069392e-01 3.305892377510528113e-01
1.840000000000000968e+00 -1.004188207670922706e-01 3.187914469909469695e-01
1.850000000000000977e+00 -9.728795837123420387e-02 3.074565578861643278e-01
1.860000000000000986e+00 -9.426821069172755529e-02 2.965653704188844220e-01
1.870000000000000995e+00 -9.135523340772426504e-02 2.860994749216907995e-01
1.880000000000001004e+00 -8.854486245758763641e-02 2.760412246569024508e-01
1.890000000000001013e+00 -8.583310654616893576e-02 2.663737085373184543e-01
1.900000000000001021e+00 -8.321613992359926104e-02 2.570807241227710538e-01
1.910000000000001030e+00 -8.069029543226584333e-02 2.481467510033524837e-01
1.920000000000001039e+00 -7.825205781763791557e-02 2.395569246598457658e-01
1.930000000000001048e+00 -7.589805729779131038e-02 2.312970108743594710e-01
1.940000000000001057e+00 -7.362506338582895660e-02 2.233533807490649947e-01
1.950000000000001066e+00 -7.142997895888109072e-02 2.157129863779673473e-01
1.960000000000001075e+00 -6.930983456697781264e-02 2.083633372055221644e-01
1.970000000000001084e+00 -6.726178297479613877e-02 2.012924770964111820e-01
1.980000000000001092e+00 -6.528309392908306086e-02 1.944889621326913454e-01
1.990000000000001101e+00 -6.337114914442859570e-02 1.879418391476640193e-01
2.000000000000000888e+00 -6.152343749999984041e-02 1.816406249999994449e-01
2.010000000000001119e+00 -5.973755043983589030e-02 1.755752865867712675e-01
2.020000000000001350e+00 -5.801117756933969055e-02 1.697362215899752280e-01
2.030000000000001137e+00 -5.634210244067204554e-02 1.641142399477161229e-01
2.040000000000000924e+00 -5.472819851985790546e-02 1.587005460384673938e-01
2.050000000000001155e+00 -5.316742532854178138e-02 1.534867215645430161e-01
2.060000000000001386e+00 -5.165782475347724390e-02 1.484647091191056145e-01
2.070000000000001172e+00 -5.019751751699888520e-02 1.436267964196040192e-01
2.080000000000000959e+00 -4.878469980190346111e-02 1.389656011894410681e-01
2.090000000000001190e+00 -4.741764002435226028e-02 1.344740566688590877e-01
2.100000000000001421e+00 -4.609467574860001693e-02 1.301453977354599112e-01
2.110000000000001208e+00 -4.481421073755319229e-02 1.259731476144149154e-01
2.120000000000000995e+00 -4.357471213336149701e-02 1.219511051582357897e-01
2.130000000000001226e+00 -4.237470776244824794e-02 1.180733326759379337e-01
2.140000000000001457e+00 -4.121278355958583883e-02 1.143341442915134093e-01
2.150000000000001243e+00 -4.008758110582270884e-02 1.107280948118205266e-01
2.160000000000001030e+00 -3.899779527526621437e-02 1.072499690842735331e-01
2.170000000000001261e+00 -3.794217198592023804e-02 1.038947718250626262e-01
2.180000000000001492e+00 -3.691950604996678542e-02 1.006577178990349375e-01
2.190000000000001279e+00 -3.592863911906715724e-02 9.753422303281629457e-02
2.200000000000001066e+00 -3.496845772044071543e-02 9.451989494323753682e-02
2.210000000000001297e+00 -3.403789137965584910e-02 9.161052486363946423e-02
2.220000000000001528e+00 -3.313591082623907474e-02 8.880207945115885237e-02
2.230000000000001315e+00 -3.226152627837465536e-02 8.609069305864099075e-02
2.240000000000001101e+00 -3.141378580312798735e-02 8.347266035537539985e-02
2.250000000000001332e+00 -3.059177374878145617e-02 8.094442928140598015e-02
2.260000000000001563e+00 -2.979460924602080063e-02 7.850259432071800270e-02
2.270000000000001350e+00 -2.902144477485420551e-02 7.614389007915590979e-02
2.280000000000001137e+00 -2.827146479428550851e-02 7.386518515346852942e-02
2.290000000000001368e+00 -2.754388443189610680e-02 7.166347627841454515e-02
2.300000000000001599e+00 -2.683794823061799034e-02 6.953588273938383912e-02
2.310000000000001386e+00 -2.615292895010318600e-02 6.747964103850447037e-02
2.320000000000001172e+00 -2.548812642021294761e-02 6.549209980270467857e-02
2.330000000000001403e+00 -2.484286644426293711e-02 6.357071492268691337e-02
2.340000000000001634e+00 -2.421649974976824646e-02 6.171304491224129801e-02
2.350000000000001421e+00 -2.360840098453591968e-02 5.991674647778376384e-02
2.360000000000001208e+00 -2.301796775605135376e-02 5.817957028844642636e-02
2.370000000000001439e+00 -2.244461971219991261e-02 5.649935693747510507e-02
2.380000000000001670e+00 -2.188779766145496422e-02 5.487403308609915126e-02
2.390000000000001457e+00 -2.134696273075009990e-02 5.330160778143536171e-02
2.400000000000001243e+00 -2.082159555933584330e-02 5.178016894036932549e-02
2.410000000000001474e+00 -2.031119552699996861e-02 5.030787999172353642e-02
2.420000000000001705e+00 -1.981528001510544923e-02 4.888297666937273245e-02
2.430000000000001492e+00 -1.933338369897167133e-02 4.750376394930359847e-02
2.440000000000001279e+00 -1.886505787019335939e-02 4.616861312394005684e-02
2.450000000000001510e+00 -1.840986978755663681e-02 4.487595900736421339e-02
2.460000000000001741e+00 -1.796740205527384837e-02 4.362429726535897029e-02
2.470000000000001528e+00 -1.753725202731797397e-02 4.241218186448125066e-02
2.480000000000001315e+00 -1.711903123669430982e-02 4.123822263464633348e-02
2.490000000000001545e+00 -1.671236484854082480e-02 4.010108293996222234e-02
2.500000000000001776e+00 -1.631689113599993010e-02 3.899947745279980921e-02
2.510000000000001563e+00 -1.593226097785328116e-02 3.793217002632041923e-02
2.520000000000001350e+00 -1.555813737695809981e-02 3.689797166090817704e-02
2.530000000000001581e+00 -1.519419499856786843e-02 3.589573856016921305e-02
2.540000000000001812e+00 -1.484011972766250721e-02 3.492437027236435648e-02
2.550000000000001599e+00 -1.449560824445347666e-02 3.398280791333748579e-02
2.560000000000001386e+00 -1.416036761726781334e-02 3.307003246718826645e-02
2.570000000000001616e+00 -1.383411491205175335e-02 3.218506316111563459e-02
2.580000000000001847e+00 -1.351657681776933552e-02 3.132695591102711841e-02
2.590000000000001634e+00 -1.320748928700455835e-02 3.049480183467051866e-02
2.600000000000001421e+00 -1.290659719110759732e-02 2.968772582919812844e-02
2.610000000000001652e+00 -1.261365398925556186e-02 2.890488521022018670e-02
2.620000000000001883e+00 -1.232842141082702257e-02 2.814546840954296886e-02
2.630000000000001670e+00 -1.205066915051686456e-02 2.740869372891984942e-02
2.640000000000001457e+00 -1.178017457564423977e-02 2.669380814727009832e-02
2.650000000000001688e+00 -1.151672244513116117e-02 2.600008617894045138e-02
2.660000000000001918e+00 -1.126010463965297810e-02 2.532682878069866458e-02
2.670000000000001705e+00 -1.101011990248439328e-02 2.467336230525732019e-02
2.680000000000001492e+00 -1.076657359058640073e-02 2.403903749923008704e-02
2.690000000000001723e+00 -1.052927743549990532e-02 2.342322854352134331e-02
2.700000000000001954e+00 -1.029804931363124086e-02 2.282533213424385241e-02
2.710000000000001741e+00 -1.007271302553344912e-02 2.224476660234857295e-02
2.720000000000001528e+00 -9.853098083804932850e-03 2.168097107023625111e-02
2.730000000000001759e+00 -9.639039509244049994e-03 2.113340464370107308e-02
2.740000000000001990e+00 -9.430377634914163115e-03 2.060154563763400004e-02
2.750000000000001776e+00 -9.226957917789121652e-03 2.008489083398657532e-02
2.760000000000001563e+00 -9.028630757663769560e-03 1.958295477056605505e-02
2.770000000000001794e+00 -8.835251323028103093e-03 1.909526905929935514e-02
2.780000000000002025e+00 -8.646679383616866568e-03 1.862138173266634708e-02
2.790000000000001812e+00 -8.462779149359132835e-03 1.816085661706316745e-02
2.800000000000001599e+00 -8.283419115464537436e-03 1.771327273191401416e-02
2.810000000000001386e+00 -8.108471913394433780e-03 1.727822371340428584e-02
2.820000000000002061e+00 -7.937814167477035346e-03 1.685531726175969539e-02
2.830000000000001847e+00 -7.771326356936431208e-03 1.644417461104595579e-02
2.840000000000001634e+00 -7.608892683114950803e-03 1.604443002050996020e-02
2.850000000000001421e+00 -7.450400941678450746e-03 1.565573028652939708e-02
2.860000000000002096e+00 -7.295742399602718996e-03 1.527773427427936079e-02
2.870000000000001883e+00 -7.144811676748273783e-03 1.491011246826591703e-02
2.880000000000001670e+00 -6.997506631838734670e-03 1.455254654091468584e-02
2.890000000000001457e+00 -6.853728252666431951e-03 1.420472893844033739e-02
2.900000000000002132e+00 -6.713380550355912448e-03 1.386636248325705256e-02
2.910000000000001918e+00 -6.576370457523686257e-03 1.353715999222419690e-02
2.920000000000001705e+00 -6.442607730179020914e-03 1.321684391005268147e-02
2.930000000000001492e+00 -6.312004853217702618e-03 1.290514595722879604e-02
2.940000000000002167e+00 -6.184476949366457359e-03 1.260180679184024974e-02
2.950000000000001954e+00 -6.059941691442136298e-03 1.230657568471755364e-02
2.960000000000001741e+00 -5.938319217795147431e-03 1.201921020732934012e-02
2.970000000000001528e+00 -5.819532050812508371e-03 1.173947593189631801e-02
2.980000000000002203e+00 -5.703505018360759300e-03 1.146714614321141072e-02
2.990000000000001990e+00 -5.590165178054236524e-03 1.120200156167712631e-02
